01011990
010190
02011990
020190
03011990
030190
04011990
040190
05011990
050190
06011990
060190
07011990
070190
08011990
080190
09011990
090190
10011990
100190
11011990
110190
12011990
120190
13011990
130190
14011990
140190
15011990
150190
16011990
160190
17011990
170190
18011990
180190
19011990
190190
20011990
200190
21011990
210190
22011990
220190
23011990
230190
24011990
240190
25011990
250190
26011990
260190
27011990
270190
28011990
280190
29011990
290190
30011990
300190
31011990
310190
01021990
010290
02021990
020290
03021990
030290
04021990
040290
05021990
050290
06021990
060290
07021990
070290
08021990
080290
09021990
090290
10021990
100290
11021990
110290
12021990
120290
13021990
130290
14021990
140290
15021990
150290
16021990
160290
17021990
170290
18021990
180290
19021990
190290
20021990
200290
21021990
210290
22021990
220290
23021990
230290
24021990
240290
25021990
250290
26021990
260290
27021990
270290
28021990
280290
29021990
290290
30021990
300290
31021990
310290
01031990
010390
02031990
020390
03031990
030390
04031990
040390
05031990
050390
06031990
060390
07031990
070390
08031990
080390
09031990
090390
10031990
100390
11031990
110390
12031990
120390
13031990
130390
14031990
140390
15031990
150390
16031990
160390
17031990
170390
18031990
180390
19031990
190390
20031990
200390
21031990
210390
22031990
220390
23031990
230390
24031990
240390
25031990
250390
26031990
260390
27031990
270390
28031990
280390
29031990
290390
30031990
300390
31031990
310390
01041990
010490
02041990
020490
03041990
030490
04041990
040490
05041990
050490
06041990
060490
07041990
070490
08041990
080490
09041990
090490
10041990
100490
11041990
110490
12041990
120490
13041990
130490
14041990
140490
15041990
150490
16041990
160490
17041990
170490
18041990
180490
19041990
190490
20041990
200490
21041990
210490
22041990
220490
23041990
230490
24041990
240490
25041990
250490
26041990
260490
27041990
270490
28041990
280490
29041990
290490
30041990
300490
31041990
310490
01051990
010590
02051990
020590
03051990
030590
04051990
040590
05051990
050590
06051990
060590
07051990
070590
08051990
080590
09051990
090590
10051990
100590
11051990
110590
12051990
120590
13051990
130590
14051990
140590
15051990
150590
16051990
160590
17051990
170590
18051990
180590
19051990
190590
20051990
200590
21051990
210590
22051990
220590
23051990
230590
24051990
240590
25051990
250590
26051990
260590
27051990
270590
28051990
280590
29051990
290590
30051990
300590
31051990
310590
01061990
010690
02061990
020690
03061990
030690
04061990
040690
05061990
050690
06061990
060690
07061990
070690
08061990
080690
09061990
090690
10061990
100690
11061990
110690
12061990
120690
13061990
130690
14061990
140690
15061990
150690
16061990
160690
17061990
170690
18061990
180690
19061990
190690
20061990
200690
21061990
210690
22061990
220690
23061990
230690
24061990
240690
25061990
250690
26061990
260690
27061990
270690
28061990
280690
29061990
290690
30061990
300690
31061990
310690
01071990
010790
02071990
020790
03071990
030790
04071990
040790
05071990
050790
06071990
060790
07071990
070790
08071990
080790
09071990
090790
10071990
100790
11071990
110790
12071990
120790
13071990
130790
14071990
140790
15071990
150790
16071990
160790
17071990
170790
18071990
180790
19071990
190790
20071990
200790
21071990
210790
22071990
220790
23071990
230790
24071990
240790
25071990
250790
26071990
260790
27071990
270790
28071990
280790
29071990
290790
30071990
300790
31071990
310790
01081990
010890
02081990
020890
03081990
030890
04081990
040890
05081990
050890
06081990
060890
07081990
070890
08081990
080890
09081990
090890
10081990
100890
11081990
110890
12081990
120890
13081990
130890
14081990
140890
15081990
150890
16081990
160890
17081990
170890
18081990
180890
19081990
190890
20081990
200890
21081990
210890
22081990
220890
23081990
230890
24081990
240890
25081990
250890
26081990
260890
27081990
270890
28081990
280890
29081990
290890
30081990
300890
31081990
310890
01091990
010990
02091990
020990
03091990
030990
04091990
040990
05091990
050990
06091990
060990
07091990
070990
08091990
080990
09091990
090990
10091990
100990
11091990
110990
12091990
120990
13091990
130990
14091990
140990
15091990
150990
16091990
160990
17091990
170990
18091990
180990
19091990
190990
20091990
200990
21091990
210990
22091990
220990
23091990
230990
24091990
240990
25091990
250990
26091990
260990
27091990
270990
28091990
280990
29091990
290990
30091990
300990
31091990
310990
01101990
011090
02101990
021090
03101990
031090
04101990
041090
05101990
051090
06101990
061090
07101990
071090
08101990
081090
09101990
091090
10101990
101090
11101990
111090
12101990
121090
13101990
131090
14101990
141090
15101990
151090
16101990
161090
17101990
171090
18101990
181090
19101990
191090
20101990
201090
21101990
211090
22101990
221090
23101990
231090
24101990
241090
25101990
251090
26101990
261090
27101990
271090
28101990
281090
29101990
291090
30101990
301090
31101990
311090
01111990
011190
02111990
021190
03111990
031190
04111990
041190
05111990
051190
06111990
061190
07111990
071190
08111990
081190
09111990
091190
10111990
101190
11111990
111190
12111990
121190
13111990
131190
14111990
141190
15111990
151190
16111990
161190
17111990
171190
18111990
181190
19111990
191190
20111990
201190
21111990
211190
22111990
221190
23111990
231190
24111990
241190
25111990
251190
26111990
261190
27111990
271190
28111990
281190
29111990
291190
30111990
301190
31111990
311190
01121990
011290
02121990
021290
03121990
031290
04121990
041290
05121990
051290
06121990
061290
07121990
071290
08121990
081290
09121990
091290
10121990
101290
11121990
111290
12121990
121290
13121990
131290
14121990
141290
15121990
151290
16121990
161290
17121990
171290
18121990
181290
19121990
191290
20121990
201290
21121990
211290
22121990
221290
23121990
231290
24121990
241290
25121990
251290
26121990
261290
27121990
271290
28121990
281290
29121990
291290
30121990
301290
31121990
311290
01011991
010191
02011991
020191
03011991
030191
04011991
040191
05011991
050191
06011991
060191
07011991
070191
08011991
080191
09011991
090191
10011991
100191
11011991
110191
12011991
120191
13011991
130191
14011991
140191
15011991
150191
16011991
160191
17011991
170191
18011991
180191
19011991
190191
20011991
200191
21011991
210191
22011991
220191
23011991
230191
24011991
240191
25011991
250191
26011991
260191
27011991
270191
28011991
280191
29011991
290191
30011991
300191
31011991
310191
01021991
010291
02021991
020291
03021991
030291
04021991
040291
05021991
050291
06021991
060291
07021991
070291
08021991
080291
09021991
090291
10021991
100291
11021991
110291
12021991
120291
13021991
130291
14021991
140291
15021991
150291
16021991
160291
17021991
170291
18021991
180291
19021991
190291
20021991
200291
21021991
210291
22021991
220291
23021991
230291
24021991
240291
25021991
250291
26021991
260291
27021991
270291
28021991
280291
29021991
290291
30021991
300291
31021991
310291
01031991
010391
02031991
020391
03031991
030391
04031991
040391
05031991
050391
06031991
060391
07031991
070391
08031991
080391
09031991
090391
10031991
100391
11031991
110391
12031991
120391
13031991
130391
14031991
140391
15031991
150391
16031991
160391
17031991
170391
18031991
180391
19031991
190391
20031991
200391
21031991
210391
22031991
220391
23031991
230391
24031991
240391
25031991
250391
26031991
260391
27031991
270391
28031991
280391
29031991
290391
30031991
300391
31031991
310391
01041991
010491
02041991
020491
03041991
030491
04041991
040491
05041991
050491
06041991
060491
07041991
070491
08041991
080491
09041991
090491
10041991
100491
11041991
110491
12041991
120491
13041991
130491
14041991
140491
15041991
150491
16041991
160491
17041991
170491
18041991
180491
19041991
190491
20041991
200491
21041991
210491
22041991
220491
23041991
230491
24041991
240491
25041991
250491
26041991
260491
27041991
270491
28041991
280491
29041991
290491
30041991
300491
31041991
310491
01051991
010591
02051991
020591
03051991
030591
04051991
040591
05051991
050591
06051991
060591
07051991
070591
08051991
080591
09051991
090591
10051991
100591
11051991
110591
12051991
120591
13051991
130591
14051991
140591
15051991
150591
16051991
160591
17051991
170591
18051991
180591
19051991
190591
20051991
200591
21051991
210591
22051991
220591
23051991
230591
24051991
240591
25051991
250591
26051991
260591
27051991
270591
28051991
280591
29051991
290591
30051991
300591
31051991
310591
01061991
010691
02061991
020691
03061991
030691
04061991
040691
05061991
050691
06061991
060691
07061991
070691
08061991
080691
09061991
090691
10061991
100691
11061991
110691
12061991
120691
13061991
130691
14061991
140691
15061991
150691
16061991
160691
17061991
170691
18061991
180691
19061991
190691
20061991
200691
21061991
210691
22061991
220691
23061991
230691
24061991
240691
25061991
250691
26061991
260691
27061991
270691
28061991
280691
29061991
290691
30061991
300691
31061991
310691
01071991
010791
02071991
020791
03071991
030791
04071991
040791
05071991
050791
06071991
060791
07071991
070791
08071991
080791
09071991
090791
10071991
100791
11071991
110791
12071991
120791
13071991
130791
14071991
140791
15071991
150791
16071991
160791
17071991
170791
18071991
180791
19071991
190791
20071991
200791
21071991
210791
22071991
220791
23071991
230791
24071991
240791
25071991
250791
26071991
260791
27071991
270791
28071991
280791
29071991
290791
30071991
300791
31071991
310791
01081991
010891
02081991
020891
03081991
030891
04081991
040891
05081991
050891
06081991
060891
07081991
070891
08081991
080891
09081991
090891
10081991
100891
11081991
110891
12081991
120891
13081991
130891
14081991
140891
15081991
150891
16081991
160891
17081991
170891
18081991
180891
19081991
190891
20081991
200891
21081991
210891
22081991
220891
23081991
230891
24081991
240891
25081991
250891
26081991
260891
27081991
270891
28081991
280891
29081991
290891
30081991
300891
31081991
310891
01091991
010991
02091991
020991
03091991
030991
04091991
040991
05091991
050991
06091991
060991
07091991
070991
08091991
080991
09091991
090991
10091991
100991
11091991
110991
12091991
120991
13091991
130991
14091991
140991
15091991
150991
16091991
160991
17091991
170991
18091991
180991
19091991
190991
20091991
200991
21091991
210991
22091991
220991
23091991
230991
24091991
240991
25091991
250991
26091991
260991
27091991
270991
28091991
280991
29091991
290991
30091991
300991
31091991
310991
01101991
011091
02101991
021091
03101991
031091
04101991
041091
05101991
051091
06101991
061091
07101991
071091
08101991
081091
09101991
091091
10101991
101091
11101991
111091
12101991
121091
13101991
131091
14101991
141091
15101991
151091
16101991
161091
17101991
171091
18101991
181091
19101991
191091
20101991
201091
21101991
211091
22101991
221091
23101991
231091
24101991
241091
25101991
251091
26101991
261091
27101991
271091
28101991
281091
29101991
291091
30101991
301091
31101991
311091
01111991
011191
02111991
021191
03111991
031191
04111991
041191
05111991
051191
06111991
061191
07111991
071191
08111991
081191
09111991
091191
10111991
101191
11111991
111191
12111991
121191
13111991
131191
14111991
141191
15111991
151191
16111991
161191
17111991
171191
18111991
181191
19111991
191191
20111991
201191
21111991
211191
22111991
221191
23111991
231191
24111991
241191
25111991
251191
26111991
261191
27111991
271191
28111991
281191
29111991
291191
30111991
301191
31111991
311191
01121991
011291
02121991
021291
03121991
031291
04121991
041291
05121991
051291
06121991
061291
07121991
071291
08121991
081291
09121991
091291
10121991
101291
11121991
111291
12121991
121291
13121991
131291
14121991
141291
15121991
151291
16121991
161291
17121991
171291
18121991
181291
19121991
191291
20121991
201291
21121991
211291
22121991
221291
23121991
231291
24121991
241291
25121991
251291
26121991
261291
27121991
271291
28121991
281291
29121991
291291
30121991
301291
31121991
311291
01011992
010192
02011992
020192
03011992
030192
04011992
040192
05011992
050192
06011992
060192
07011992
070192
08011992
080192
09011992
090192
10011992
100192
11011992
110192
12011992
120192
13011992
130192
14011992
140192
15011992
150192
16011992
160192
17011992
170192
18011992
180192
19011992
190192
20011992
200192
21011992
210192
22011992
220192
23011992
230192
24011992
240192
25011992
250192
26011992
260192
27011992
270192
28011992
280192
29011992
290192
30011992
300192
31011992
310192
01021992
010292
02021992
020292
03021992
030292
04021992
040292
05021992
050292
06021992
060292
07021992
070292
08021992
080292
09021992
090292
10021992
100292
11021992
110292
12021992
120292
13021992
130292
14021992
140292
15021992
150292
16021992
160292
17021992
170292
18021992
180292
19021992
190292
20021992
200292
21021992
210292
22021992
220292
23021992
230292
24021992
240292
25021992
250292
26021992
260292
27021992
270292
28021992
280292
29021992
290292
30021992
300292
31021992
310292
01031992
010392
02031992
020392
03031992
030392
04031992
040392
05031992
050392
06031992
060392
07031992
070392
08031992
080392
09031992
090392
10031992
100392
11031992
110392
12031992
120392
13031992
130392
14031992
140392
15031992
150392
16031992
160392
17031992
170392
18031992
180392
19031992
190392
20031992
200392
21031992
210392
22031992
220392
23031992
230392
24031992
240392
25031992
250392
26031992
260392
27031992
270392
28031992
280392
29031992
290392
30031992
300392
31031992
310392
01041992
010492
02041992
020492
03041992
030492
04041992
040492
05041992
050492
06041992
060492
07041992
070492
08041992
080492
09041992
090492
10041992
100492
11041992
110492
12041992
120492
13041992
130492
14041992
140492
15041992
150492
16041992
160492
17041992
170492
18041992
180492
19041992
190492
20041992
200492
21041992
210492
22041992
220492
23041992
230492
24041992
240492
25041992
250492
26041992
260492
27041992
270492
28041992
280492
29041992
290492
30041992
300492
31041992
310492
01051992
010592
02051992
020592
03051992
030592
04051992
040592
05051992
050592
06051992
060592
07051992
070592
08051992
080592
09051992
090592
10051992
100592
11051992
110592
12051992
120592
13051992
130592
14051992
140592
15051992
150592
16051992
160592
17051992
170592
18051992
180592
19051992
190592
20051992
200592
21051992
210592
22051992
220592
23051992
230592
24051992
240592
25051992
250592
26051992
260592
27051992
270592
28051992
280592
29051992
290592
30051992
300592
31051992
310592
01061992
010692
02061992
020692
03061992
030692
04061992
040692
05061992
050692
06061992
060692
07061992
070692
08061992
080692
09061992
090692
10061992
100692
11061992
110692
12061992
120692
13061992
130692
14061992
140692
15061992
150692
16061992
160692
17061992
170692
18061992
180692
19061992
190692
20061992
200692
21061992
210692
22061992
220692
23061992
230692
24061992
240692
25061992
250692
26061992
260692
27061992
270692
28061992
280692
29061992
290692
30061992
300692
31061992
310692
01071992
010792
02071992
020792
03071992
030792
04071992
040792
05071992
050792
06071992
060792
07071992
070792
08071992
080792
09071992
090792
10071992
100792
11071992
110792
12071992
120792
13071992
130792
14071992
140792
15071992
150792
16071992
160792
17071992
170792
18071992
180792
19071992
190792
20071992
200792
21071992
210792
22071992
220792
23071992
230792
24071992
240792
25071992
250792
26071992
260792
27071992
270792
28071992
280792
29071992
290792
30071992
300792
31071992
310792
01081992
010892
02081992
020892
03081992
030892
04081992
040892
05081992
050892
06081992
060892
07081992
070892
08081992
080892
09081992
090892
10081992
100892
11081992
110892
12081992
120892
13081992
130892
14081992
140892
15081992
150892
16081992
160892
17081992
170892
18081992
180892
19081992
190892
20081992
200892
21081992
210892
22081992
220892
23081992
230892
24081992
240892
25081992
250892
26081992
260892
27081992
270892
28081992
280892
29081992
290892
30081992
300892
31081992
310892
01091992
010992
02091992
020992
03091992
030992
04091992
040992
05091992
050992
06091992
060992
07091992
070992
08091992
080992
09091992
090992
10091992
100992
11091992
110992
12091992
120992
13091992
130992
14091992
140992
15091992
150992
16091992
160992
17091992
170992
18091992
180992
19091992
190992
20091992
200992
21091992
210992
22091992
220992
23091992
230992
24091992
240992
25091992
250992
26091992
260992
27091992
270992
28091992
280992
29091992
290992
30091992
300992
31091992
310992
01101992
011092
02101992
021092
03101992
031092
04101992
041092
05101992
051092
06101992
061092
07101992
071092
08101992
081092
09101992
091092
10101992
101092
11101992
111092
12101992
121092
13101992
131092
14101992
141092
15101992
151092
16101992
161092
17101992
171092
18101992
181092
19101992
191092
20101992
201092
21101992
211092
22101992
221092
23101992
231092
24101992
241092
25101992
251092
26101992
261092
27101992
271092
28101992
281092
29101992
291092
30101992
301092
31101992
311092
01111992
011192
02111992
021192
03111992
031192
04111992
041192
05111992
051192
06111992
061192
07111992
071192
08111992
081192
09111992
091192
10111992
101192
11111992
111192
12111992
121192
13111992
131192
14111992
141192
15111992
151192
16111992
161192
17111992
171192
18111992
181192
19111992
191192
20111992
201192
21111992
211192
22111992
221192
23111992
231192
24111992
241192
25111992
251192
26111992
261192
27111992
271192
28111992
281192
29111992
291192
30111992
301192
31111992
311192
01121992
011292
02121992
021292
03121992
031292
04121992
041292
05121992
051292
06121992
061292
07121992
071292
08121992
081292
09121992
091292
10121992
101292
11121992
111292
12121992
121292
13121992
131292
14121992
141292
15121992
151292
16121992
161292
17121992
171292
18121992
181292
19121992
191292
20121992
201292
21121992
211292
22121992
221292
23121992
231292
24121992
241292
25121992
251292
26121992
261292
27121992
271292
28121992
281292
29121992
291292
30121992
301292
31121992
311292
01011993
010193
02011993
020193
03011993
030193
04011993
040193
05011993
050193
06011993
060193
07011993
070193
08011993
080193
09011993
090193
10011993
100193
11011993
110193
12011993
120193
13011993
130193
14011993
140193
15011993
150193
16011993
160193
17011993
170193
18011993
180193
19011993
190193
20011993
200193
21011993
210193
22011993
220193
23011993
230193
24011993
240193
25011993
250193
26011993
260193
27011993
270193
28011993
280193
29011993
290193
30011993
300193
31011993
310193
01021993
010293
02021993
020293
03021993
030293
04021993
040293
05021993
050293
06021993
060293
07021993
070293
08021993
080293
09021993
090293
10021993
100293
11021993
110293
12021993
120293
13021993
130293
14021993
140293
15021993
150293
16021993
160293
17021993
170293
18021993
180293
19021993
190293
20021993
200293
21021993
210293
22021993
220293
23021993
230293
24021993
240293
25021993
250293
26021993
260293
27021993
270293
28021993
280293
29021993
290293
30021993
300293
31021993
310293
01031993
010393
02031993
020393
03031993
030393
04031993
040393
05031993
050393
06031993
060393
07031993
070393
08031993
080393
09031993
090393
10031993
100393
11031993
110393
12031993
120393
13031993
130393
14031993
140393
15031993
150393
16031993
160393
17031993
170393
18031993
180393
19031993
190393
20031993
200393
21031993
210393
22031993
220393
23031993
230393
24031993
240393
25031993
250393
26031993
260393
27031993
270393
28031993
280393
29031993
290393
30031993
300393
31031993
310393
01041993
010493
02041993
020493
03041993
030493
04041993
040493
05041993
050493
06041993
060493
07041993
070493
08041993
080493
09041993
090493
10041993
100493
11041993
110493
12041993
120493
13041993
130493
14041993
140493
15041993
150493
16041993
160493
17041993
170493
18041993
180493
19041993
190493
20041993
200493
21041993
210493
22041993
220493
23041993
230493
24041993
240493
25041993
250493
26041993
260493
27041993
270493
28041993
280493
29041993
290493
30041993
300493
31041993
310493
01051993
010593
02051993
020593
03051993
030593
04051993
040593
05051993
050593
06051993
060593
07051993
070593
08051993
080593
09051993
090593
10051993
100593
11051993
110593
12051993
120593
13051993
130593
14051993
140593
15051993
150593
16051993
160593
17051993
170593
18051993
180593
19051993
190593
20051993
200593
21051993
210593
22051993
220593
23051993
230593
24051993
240593
25051993
250593
26051993
260593
27051993
270593
28051993
280593
29051993
290593
30051993
300593
31051993
310593
01061993
010693
02061993
020693
03061993
030693
04061993
040693
05061993
050693
06061993
060693
07061993
070693
08061993
080693
09061993
090693
10061993
100693
11061993
110693
12061993
120693
13061993
130693
14061993
140693
15061993
150693
16061993
160693
17061993
170693
18061993
180693
19061993
190693
20061993
200693
21061993
210693
22061993
220693
23061993
230693
24061993
240693
25061993
250693
26061993
260693
27061993
270693
28061993
280693
29061993
290693
30061993
300693
31061993
310693
01071993
010793
02071993
020793
03071993
030793
04071993
040793
05071993
050793
06071993
060793
07071993
070793
08071993
080793
09071993
090793
10071993
100793
11071993
110793
12071993
120793
13071993
130793
14071993
140793
15071993
150793
16071993
160793
17071993
170793
18071993
180793
19071993
190793
20071993
200793
21071993
210793
22071993
220793
23071993
230793
24071993
240793
25071993
250793
26071993
260793
27071993
270793
28071993
280793
29071993
290793
30071993
300793
31071993
310793
01081993
010893
02081993
020893
03081993
030893
04081993
040893
05081993
050893
06081993
060893
07081993
070893
08081993
080893
09081993
090893
10081993
100893
11081993
110893
12081993
120893
13081993
130893
14081993
140893
15081993
150893
16081993
160893
17081993
170893
18081993
180893
19081993
190893
20081993
200893
21081993
210893
22081993
220893
23081993
230893
24081993
240893
25081993
250893
26081993
260893
27081993
270893
28081993
280893
29081993
290893
30081993
300893
31081993
310893
01091993
010993
02091993
020993
03091993
030993
04091993
040993
05091993
050993
06091993
060993
07091993
070993
08091993
080993
09091993
090993
10091993
100993
11091993
110993
12091993
120993
13091993
130993
14091993
140993
15091993
150993
16091993
160993
17091993
170993
18091993
180993
19091993
190993
20091993
200993
21091993
210993
22091993
220993
23091993
230993
24091993
240993
25091993
250993
26091993
260993
27091993
270993
28091993
280993
29091993
290993
30091993
300993
31091993
310993
01101993
011093
02101993
021093
03101993
031093
04101993
041093
05101993
051093
06101993
061093
07101993
071093
08101993
081093
09101993
091093
10101993
101093
11101993
111093
12101993
121093
13101993
131093
14101993
141093
15101993
151093
16101993
161093
17101993
171093
18101993
181093
19101993
191093
20101993
201093
21101993
211093
22101993
221093
23101993
231093
24101993
241093
25101993
251093
26101993
261093
27101993
271093
28101993
281093
29101993
291093
30101993
301093
31101993
311093
01111993
011193
02111993
021193
03111993
031193
04111993
041193
05111993
051193
06111993
061193
07111993
071193
08111993
081193
09111993
091193
10111993
101193
11111993
111193
12111993
121193
13111993
131193
14111993
141193
15111993
151193
16111993
161193
17111993
171193
18111993
181193
19111993
191193
20111993
201193
21111993
211193
22111993
221193
23111993
231193
24111993
241193
25111993
251193
26111993
261193
27111993
271193
28111993
281193
29111993
291193
30111993
301193
31111993
311193
01121993
011293
02121993
021293
03121993
031293
04121993
041293
05121993
051293
06121993
061293
07121993
071293
08121993
081293
09121993
091293
10121993
101293
11121993
111293
12121993
121293
13121993
131293
14121993
141293
15121993
151293
16121993
161293
17121993
171293
18121993
181293
19121993
191293
20121993
201293
21121993
211293
22121993
221293
23121993
231293
24121993
241293
25121993
251293
26121993
261293
27121993
271293
28121993
281293
29121993
291293
30121993
301293
31121993
311293
01011994
010194
02011994
020194
03011994
030194
04011994
040194
05011994
050194
06011994
060194
07011994
070194
08011994
080194
09011994
090194
10011994
100194
11011994
110194
12011994
120194
13011994
130194
14011994
140194
15011994
150194
16011994
160194
17011994
170194
18011994
180194
19011994
190194
20011994
200194
21011994
210194
22011994
220194
23011994
230194
24011994
240194
25011994
250194
26011994
260194
27011994
270194
28011994
280194
29011994
290194
30011994
300194
31011994
310194
01021994
010294
02021994
020294
03021994
030294
04021994
040294
05021994
050294
06021994
060294
07021994
070294
08021994
080294
09021994
090294
10021994
100294
11021994
110294
12021994
120294
13021994
130294
14021994
140294
15021994
150294
16021994
160294
17021994
170294
18021994
180294
19021994
190294
20021994
200294
21021994
210294
22021994
220294
23021994
230294
24021994
240294
25021994
250294
26021994
260294
27021994
270294
28021994
280294
29021994
290294
30021994
300294
31021994
310294
01031994
010394
02031994
020394
03031994
030394
04031994
040394
05031994
050394
06031994
060394
07031994
070394
08031994
080394
09031994
090394
10031994
100394
11031994
110394
12031994
120394
13031994
130394
14031994
140394
15031994
150394
16031994
160394
17031994
170394
18031994
180394
19031994
190394
20031994
200394
21031994
210394
22031994
220394
23031994
230394
24031994
240394
25031994
250394
26031994
260394
27031994
270394
28031994
280394
29031994
290394
30031994
300394
31031994
310394
01041994
010494
02041994
020494
03041994
030494
04041994
040494
05041994
050494
06041994
060494
07041994
070494
08041994
080494
09041994
090494
10041994
100494
11041994
110494
12041994
120494
13041994
130494
14041994
140494
15041994
150494
16041994
160494
17041994
170494
18041994
180494
19041994
190494
20041994
200494
21041994
210494
22041994
220494
23041994
230494
24041994
240494
25041994
250494
26041994
260494
27041994
270494
28041994
280494
29041994
290494
30041994
300494
31041994
310494
01051994
010594
02051994
020594
03051994
030594
04051994
040594
05051994
050594
06051994
060594
07051994
070594
08051994
080594
09051994
090594
10051994
100594
11051994
110594
12051994
120594
13051994
130594
14051994
140594
15051994
150594
16051994
160594
17051994
170594
18051994
180594
19051994
190594
20051994
200594
21051994
210594
22051994
220594
23051994
230594
24051994
240594
25051994
250594
26051994
260594
27051994
270594
28051994
280594
29051994
290594
30051994
300594
31051994
310594
01061994
010694
02061994
020694
03061994
030694
04061994
040694
05061994
050694
06061994
060694
07061994
070694
08061994
080694
09061994
090694
10061994
100694
11061994
110694
12061994
120694
13061994
130694
14061994
140694
15061994
150694
16061994
160694
17061994
170694
18061994
180694
19061994
190694
20061994
200694
21061994
210694
22061994
220694
23061994
230694
24061994
240694
25061994
250694
26061994
260694
27061994
270694
28061994
280694
29061994
290694
30061994
300694
31061994
310694
01071994
010794
02071994
020794
03071994
030794
04071994
040794
05071994
050794
06071994
060794
07071994
070794
08071994
080794
09071994
090794
10071994
100794
11071994
110794
12071994
120794
13071994
130794
14071994
140794
15071994
150794
16071994
160794
17071994
170794
18071994
180794
19071994
190794
20071994
200794
21071994
210794
22071994
220794
23071994
230794
24071994
240794
25071994
250794
26071994
260794
27071994
270794
28071994
280794
29071994
290794
30071994
300794
31071994
310794
01081994
010894
02081994
020894
03081994
030894
04081994
040894
05081994
050894
06081994
060894
07081994
070894
08081994
080894
09081994
090894
10081994
100894
11081994
110894
12081994
120894
13081994
130894
14081994
140894
15081994
150894
16081994
160894
17081994
170894
18081994
180894
19081994
190894
20081994
200894
21081994
210894
22081994
220894
23081994
230894
24081994
240894
25081994
250894
26081994
260894
27081994
270894
28081994
280894
29081994
290894
30081994
300894
31081994
310894
01091994
010994
02091994
020994
03091994
030994
04091994
040994
05091994
050994
06091994
060994
07091994
070994
08091994
080994
09091994
090994
10091994
100994
11091994
110994
12091994
120994
13091994
130994
14091994
140994
15091994
150994
16091994
160994
17091994
170994
18091994
180994
19091994
190994
20091994
200994
21091994
210994
22091994
220994
23091994
230994
24091994
240994
25091994
250994
26091994
260994
27091994
270994
28091994
280994
29091994
290994
30091994
300994
31091994
310994
01101994
011094
02101994
021094
03101994
031094
04101994
041094
05101994
051094
06101994
061094
07101994
071094
08101994
081094
09101994
091094
10101994
101094
11101994
111094
12101994
121094
13101994
131094
14101994
141094
15101994
151094
16101994
161094
17101994
171094
18101994
181094
19101994
191094
20101994
201094
21101994
211094
22101994
221094
23101994
231094
24101994
241094
25101994
251094
26101994
261094
27101994
271094
28101994
281094
29101994
291094
30101994
301094
31101994
311094
01111994
011194
02111994
021194
03111994
031194
04111994
041194
05111994
051194
06111994
061194
07111994
071194
08111994
081194
09111994
091194
10111994
101194
11111994
111194
12111994
121194
13111994
131194
14111994
141194
15111994
151194
16111994
161194
17111994
171194
18111994
181194
19111994
191194
20111994
201194
21111994
211194
22111994
221194
23111994
231194
24111994
241194
25111994
251194
26111994
261194
27111994
271194
28111994
281194
29111994
291194
30111994
301194
31111994
311194
01121994
011294
02121994
021294
03121994
031294
04121994
041294
05121994
051294
06121994
061294
07121994
071294
08121994
081294
09121994
091294
10121994
101294
11121994
111294
12121994
121294
13121994
131294
14121994
141294
15121994
151294
16121994
161294
17121994
171294
18121994
181294
19121994
191294
20121994
201294
21121994
211294
22121994
221294
23121994
231294
24121994
241294
25121994
251294
26121994
261294
27121994
271294
28121994
281294
29121994
291294
30121994
301294
31121994
311294
01011995
010195
02011995
020195
03011995
030195
04011995
040195
05011995
050195
06011995
060195
07011995
070195
08011995
080195
09011995
090195
10011995
100195
11011995
110195
12011995
120195
13011995
130195
14011995
140195
15011995
150195
16011995
160195
17011995
170195
18011995
180195
19011995
190195
20011995
200195
21011995
210195
22011995
220195
23011995
230195
24011995
240195
25011995
250195
26011995
260195
27011995
270195
28011995
280195
29011995
290195
30011995
300195
31011995
310195
01021995
010295
02021995
020295
03021995
030295
04021995
040295
05021995
050295
06021995
060295
07021995
070295
08021995
080295
09021995
090295
10021995
100295
11021995
110295
12021995
120295
13021995
130295
14021995
140295
15021995
150295
16021995
160295
17021995
170295
18021995
180295
19021995
190295
20021995
200295
21021995
210295
22021995
220295
23021995
230295
24021995
240295
25021995
250295
26021995
260295
27021995
270295
28021995
280295
29021995
290295
30021995
300295
31021995
310295
01031995
010395
02031995
020395
03031995
030395
04031995
040395
05031995
050395
06031995
060395
07031995
070395
08031995
080395
09031995
090395
10031995
100395
11031995
110395
12031995
120395
13031995
130395
14031995
140395
15031995
150395
16031995
160395
17031995
170395
18031995
180395
19031995
190395
20031995
200395
21031995
210395
22031995
220395
23031995
230395
24031995
240395
25031995
250395
26031995
260395
27031995
270395
28031995
280395
29031995
290395
30031995
300395
31031995
310395
01041995
010495
02041995
020495
03041995
030495
04041995
040495
05041995
050495
06041995
060495
07041995
070495
08041995
080495
09041995
090495
10041995
100495
11041995
110495
12041995
120495
13041995
130495
14041995
140495
15041995
150495
16041995
160495
17041995
170495
18041995
180495
19041995
190495
20041995
200495
21041995
210495
22041995
220495
23041995
230495
24041995
240495
25041995
250495
26041995
260495
27041995
270495
28041995
280495
29041995
290495
30041995
300495
31041995
310495
01051995
010595
02051995
020595
03051995
030595
04051995
040595
05051995
050595
06051995
060595
07051995
070595
08051995
080595
09051995
090595
10051995
100595
11051995
110595
12051995
120595
13051995
130595
14051995
140595
15051995
150595
16051995
160595
17051995
170595
18051995
180595
19051995
190595
20051995
200595
21051995
210595
22051995
220595
23051995
230595
24051995
240595
25051995
250595
26051995
260595
27051995
270595
28051995
280595
29051995
290595
30051995
300595
31051995
310595
01061995
010695
02061995
020695
03061995
030695
04061995
040695
05061995
050695
06061995
060695
07061995
070695
08061995
080695
09061995
090695
10061995
100695
11061995
110695
12061995
120695
13061995
130695
14061995
140695
15061995
150695
16061995
160695
17061995
170695
18061995
180695
19061995
190695
20061995
200695
21061995
210695
22061995
220695
23061995
230695
24061995
240695
25061995
250695
26061995
260695
27061995
270695
28061995
280695
29061995
290695
30061995
300695
31061995
310695
01071995
010795
02071995
020795
03071995
030795
04071995
040795
05071995
050795
06071995
060795
07071995
070795
08071995
080795
09071995
090795
10071995
100795
11071995
110795
12071995
120795
13071995
130795
14071995
140795
15071995
150795
16071995
160795
17071995
170795
18071995
180795
19071995
190795
20071995
200795
21071995
210795
22071995
220795
23071995
230795
24071995
240795
25071995
250795
26071995
260795
27071995
270795
28071995
280795
29071995
290795
30071995
300795
31071995
310795
01081995
010895
02081995
020895
03081995
030895
04081995
040895
05081995
050895
06081995
060895
07081995
070895
08081995
080895
09081995
090895
10081995
100895
11081995
110895
12081995
120895
13081995
130895
14081995
140895
15081995
150895
16081995
160895
17081995
170895
18081995
180895
19081995
190895
20081995
200895
21081995
210895
22081995
220895
23081995
230895
24081995
240895
25081995
250895
26081995
260895
27081995
270895
28081995
280895
29081995
290895
30081995
300895
31081995
310895
01091995
010995
02091995
020995
03091995
030995
04091995
040995
05091995
050995
06091995
060995
07091995
070995
08091995
080995
09091995
090995
10091995
100995
11091995
110995
12091995
120995
13091995
130995
14091995
140995
15091995
150995
16091995
160995
17091995
170995
18091995
180995
19091995
190995
20091995
200995
21091995
210995
22091995
220995
23091995
230995
24091995
240995
25091995
250995
26091995
260995
27091995
270995
28091995
280995
29091995
290995
30091995
300995
31091995
310995
01101995
011095
02101995
021095
03101995
031095
04101995
041095
05101995
051095
06101995
061095
07101995
071095
08101995
081095
09101995
091095
10101995
101095
11101995
111095
12101995
121095
13101995
131095
14101995
141095
15101995
151095
16101995
161095
17101995
171095
18101995
181095
19101995
191095
20101995
201095
21101995
211095
22101995
221095
23101995
231095
24101995
241095
25101995
251095
26101995
261095
27101995
271095
28101995
281095
29101995
291095
30101995
301095
31101995
311095
01111995
011195
02111995
021195
03111995
031195
04111995
041195
05111995
051195
06111995
061195
07111995
071195
08111995
081195
09111995
091195
10111995
101195
11111995
111195
12111995
121195
13111995
131195
14111995
141195
15111995
151195
16111995
161195
17111995
171195
18111995
181195
19111995
191195
20111995
201195
21111995
211195
22111995
221195
23111995
231195
24111995
241195
25111995
251195
26111995
261195
27111995
271195
28111995
281195
29111995
291195
30111995
301195
31111995
311195
01121995
011295
02121995
021295
03121995
031295
04121995
041295
05121995
051295
06121995
061295
07121995
071295
08121995
081295
09121995
091295
10121995
101295
11121995
111295
12121995
121295
13121995
131295
14121995
141295
15121995
151295
16121995
161295
17121995
171295
18121995
181295
19121995
191295
20121995
201295
21121995
211295
22121995
221295
23121995
231295
24121995
241295
25121995
251295
26121995
261295
27121995
271295
28121995
281295
29121995
291295
30121995
301295
31121995
311295
01011996
010196
02011996
020196
03011996
030196
04011996
040196
05011996
050196
06011996
060196
07011996
070196
08011996
080196
09011996
090196
10011996
100196
11011996
110196
12011996
120196
13011996
130196
14011996
140196
15011996
150196
16011996
160196
17011996
170196
18011996
180196
19011996
190196
20011996
200196
21011996
210196
22011996
220196
23011996
230196
24011996
240196
25011996
250196
26011996
260196
27011996
270196
28011996
280196
29011996
290196
30011996
300196
31011996
310196
01021996
010296
02021996
020296
03021996
030296
04021996
040296
05021996
050296
06021996
060296
07021996
070296
08021996
080296
09021996
090296
10021996
100296
11021996
110296
12021996
120296
13021996
130296
14021996
140296
15021996
150296
16021996
160296
17021996
170296
18021996
180296
19021996
190296
20021996
200296
21021996
210296
22021996
220296
23021996
230296
24021996
240296
25021996
250296
26021996
260296
27021996
270296
28021996
280296
29021996
290296
30021996
300296
31021996
310296
01031996
010396
02031996
020396
03031996
030396
04031996
040396
05031996
050396
06031996
060396
07031996
070396
08031996
080396
09031996
090396
10031996
100396
11031996
110396
12031996
120396
13031996
130396
14031996
140396
15031996
150396
16031996
160396
17031996
170396
18031996
180396
19031996
190396
20031996
200396
21031996
210396
22031996
220396
23031996
230396
24031996
240396
25031996
250396
26031996
260396
27031996
270396
28031996
280396
29031996
290396
30031996
300396
31031996
310396
01041996
010496
02041996
020496
03041996
030496
04041996
040496
05041996
050496
06041996
060496
07041996
070496
08041996
080496
09041996
090496
10041996
100496
11041996
110496
12041996
120496
13041996
130496
14041996
140496
15041996
150496
16041996
160496
17041996
170496
18041996
180496
19041996
190496
20041996
200496
21041996
210496
22041996
220496
23041996
230496
24041996
240496
25041996
250496
26041996
260496
27041996
270496
28041996
280496
29041996
290496
30041996
300496
31041996
310496
01051996
010596
02051996
020596
03051996
030596
04051996
040596
05051996
050596
06051996
060596
07051996
070596
08051996
080596
09051996
090596
10051996
100596
11051996
110596
12051996
120596
13051996
130596
14051996
140596
15051996
150596
16051996
160596
17051996
170596
18051996
180596
19051996
190596
20051996
200596
21051996
210596
22051996
220596
23051996
230596
24051996
240596
25051996
250596
26051996
260596
27051996
270596
28051996
280596
29051996
290596
30051996
300596
31051996
310596
01061996
010696
02061996
020696
03061996
030696
04061996
040696
05061996
050696
06061996
060696
07061996
070696
08061996
080696
09061996
090696
10061996
100696
11061996
110696
12061996
120696
13061996
130696
14061996
140696
15061996
150696
16061996
160696
17061996
170696
18061996
180696
19061996
190696
20061996
200696
21061996
210696
22061996
220696
23061996
230696
24061996
240696
25061996
250696
26061996
260696
27061996
270696
28061996
280696
29061996
290696
30061996
300696
31061996
310696
01071996
010796
02071996
020796
03071996
030796
04071996
040796
05071996
050796
06071996
060796
07071996
070796
08071996
080796
09071996
090796
10071996
100796
11071996
110796
12071996
120796
13071996
130796
14071996
140796
15071996
150796
16071996
160796
17071996
170796
18071996
180796
19071996
190796
20071996
200796
21071996
210796
22071996
220796
23071996
230796
24071996
240796
25071996
250796
26071996
260796
27071996
270796
28071996
280796
29071996
290796
30071996
300796
31071996
310796
01081996
010896
02081996
020896
03081996
030896
04081996
040896
05081996
050896
06081996
060896
07081996
070896
08081996
080896
09081996
090896
10081996
100896
11081996
110896
12081996
120896
13081996
130896
14081996
140896
15081996
150896
16081996
160896
17081996
170896
18081996
180896
19081996
190896
20081996
200896
21081996
210896
22081996
220896
23081996
230896
24081996
240896
25081996
250896
26081996
260896
27081996
270896
28081996
280896
29081996
290896
30081996
300896
31081996
310896
01091996
010996
02091996
020996
03091996
030996
04091996
040996
05091996
050996
06091996
060996
07091996
070996
08091996
080996
09091996
090996
10091996
100996
11091996
110996
12091996
120996
13091996
130996
14091996
140996
15091996
150996
16091996
160996
17091996
170996
18091996
180996
19091996
190996
20091996
200996
21091996
210996
22091996
220996
23091996
230996
24091996
240996
25091996
250996
26091996
260996
27091996
270996
28091996
280996
29091996
290996
30091996
300996
31091996
310996
01101996
011096
02101996
021096
03101996
031096
04101996
041096
05101996
051096
06101996
061096
07101996
071096
08101996
081096
09101996
091096
10101996
101096
11101996
111096
12101996
121096
13101996
131096
14101996
141096
15101996
151096
16101996
161096
17101996
171096
18101996
181096
19101996
191096
20101996
201096
21101996
211096
22101996
221096
23101996
231096
24101996
241096
25101996
251096
26101996
261096
27101996
271096
28101996
281096
29101996
291096
30101996
301096
31101996
311096
01111996
011196
02111996
021196
03111996
031196
04111996
041196
05111996
051196
06111996
061196
07111996
071196
08111996
081196
09111996
091196
10111996
101196
11111996
111196
12111996
121196
13111996
131196
14111996
141196
15111996
151196
16111996
161196
17111996
171196
18111996
181196
19111996
191196
20111996
201196
21111996
211196
22111996
221196
23111996
231196
24111996
241196
25111996
251196
26111996
261196
27111996
271196
28111996
281196
29111996
291196
30111996
301196
31111996
311196
01121996
011296
02121996
021296
03121996
031296
04121996
041296
05121996
051296
06121996
061296
07121996
071296
08121996
081296
09121996
091296
10121996
101296
11121996
111296
12121996
121296
13121996
131296
14121996
141296
15121996
151296
16121996
161296
17121996
171296
18121996
181296
19121996
191296
20121996
201296
21121996
211296
22121996
221296
23121996
231296
24121996
241296
25121996
251296
26121996
261296
27121996
271296
28121996
281296
29121996
291296
30121996
301296
31121996
311296
01011997
010197
02011997
020197
03011997
030197
04011997
040197
05011997
050197
06011997
060197
07011997
070197
08011997
080197
09011997
090197
10011997
100197
11011997
110197
12011997
120197
13011997
130197
14011997
140197
15011997
150197
16011997
160197
17011997
170197
18011997
180197
19011997
190197
20011997
200197
21011997
210197
22011997
220197
23011997
230197
24011997
240197
25011997
250197
26011997
260197
27011997
270197
28011997
280197
29011997
290197
30011997
300197
31011997
310197
01021997
010297
02021997
020297
03021997
030297
04021997
040297
05021997
050297
06021997
060297
07021997
070297
08021997
080297
09021997
090297
10021997
100297
11021997
110297
12021997
120297
13021997
130297
14021997
140297
15021997
150297
16021997
160297
17021997
170297
18021997
180297
19021997
190297
20021997
200297
21021997
210297
22021997
220297
23021997
230297
24021997
240297
25021997
250297
26021997
260297
27021997
270297
28021997
280297
29021997
290297
30021997
300297
31021997
310297
01031997
010397
02031997
020397
03031997
030397
04031997
040397
05031997
050397
06031997
060397
07031997
070397
08031997
080397
09031997
090397
10031997
100397
11031997
110397
12031997
120397
13031997
130397
14031997
140397
15031997
150397
16031997
160397
17031997
170397
18031997
180397
19031997
190397
20031997
200397
21031997
210397
22031997
220397
23031997
230397
24031997
240397
25031997
250397
26031997
260397
27031997
270397
28031997
280397
29031997
290397
30031997
300397
31031997
310397
01041997
010497
02041997
020497
03041997
030497
04041997
040497
05041997
050497
06041997
060497
07041997
070497
08041997
080497
09041997
090497
10041997
100497
11041997
110497
12041997
120497
13041997
130497
14041997
140497
15041997
150497
16041997
160497
17041997
170497
18041997
180497
19041997
190497
20041997
200497
21041997
210497
22041997
220497
23041997
230497
24041997
240497
25041997
250497
26041997
260497
27041997
270497
28041997
280497
29041997
290497
30041997
300497
31041997
310497
01051997
010597
02051997
020597
03051997
030597
04051997
040597
05051997
050597
06051997
060597
07051997
070597
08051997
080597
09051997
090597
10051997
100597
11051997
110597
12051997
120597
13051997
130597
14051997
140597
15051997
150597
16051997
160597
17051997
170597
18051997
180597
19051997
190597
20051997
200597
21051997
210597
22051997
220597
23051997
230597
24051997
240597
25051997
250597
26051997
260597
27051997
270597
28051997
280597
29051997
290597
30051997
300597
31051997
310597
01061997
010697
02061997
020697
03061997
030697
04061997
040697
05061997
050697
06061997
060697
07061997
070697
08061997
080697
09061997
090697
10061997
100697
11061997
110697
12061997
120697
13061997
130697
14061997
140697
15061997
150697
16061997
160697
17061997
170697
18061997
180697
19061997
190697
20061997
200697
21061997
210697
22061997
220697
23061997
230697
24061997
240697
25061997
250697
26061997
260697
27061997
270697
28061997
280697
29061997
290697
30061997
300697
31061997
310697
01071997
010797
02071997
020797
03071997
030797
04071997
040797
05071997
050797
06071997
060797
07071997
070797
08071997
080797
09071997
090797
10071997
100797
11071997
110797
12071997
120797
13071997
130797
14071997
140797
15071997
150797
16071997
160797
17071997
170797
18071997
180797
19071997
190797
20071997
200797
21071997
210797
22071997
220797
23071997
230797
24071997
240797
25071997
250797
26071997
260797
27071997
270797
28071997
280797
29071997
290797
30071997
300797
31071997
310797
01081997
010897
02081997
020897
03081997
030897
04081997
040897
05081997
050897
06081997
060897
07081997
070897
08081997
080897
09081997
090897
10081997
100897
11081997
110897
12081997
120897
13081997
130897
14081997
140897
15081997
150897
16081997
160897
17081997
170897
18081997
180897
19081997
190897
20081997
200897
21081997
210897
22081997
220897
23081997
230897
24081997
240897
25081997
250897
26081997
260897
27081997
270897
28081997
280897
29081997
290897
30081997
300897
31081997
310897
01091997
010997
02091997
020997
03091997
030997
04091997
040997
05091997
050997
06091997
060997
07091997
070997
08091997
080997
09091997
090997
10091997
100997
11091997
110997
12091997
120997
13091997
130997
14091997
140997
15091997
150997
16091997
160997
17091997
170997
18091997
180997
19091997
190997
20091997
200997
21091997
210997
22091997
220997
23091997
230997
24091997
240997
25091997
250997
26091997
260997
27091997
270997
28091997
280997
29091997
290997
30091997
300997
31091997
310997
01101997
011097
02101997
021097
03101997
031097
04101997
041097
05101997
051097
06101997
061097
07101997
071097
08101997
081097
09101997
091097
10101997
101097
11101997
111097
12101997
121097
13101997
131097
14101997
141097
15101997
151097
16101997
161097
17101997
171097
18101997
181097
19101997
191097
20101997
201097
21101997
211097
22101997
221097
23101997
231097
24101997
241097
25101997
251097
26101997
261097
27101997
271097
28101997
281097
29101997
291097
30101997
301097
31101997
311097
01111997
011197
02111997
021197
03111997
031197
04111997
041197
05111997
051197
06111997
061197
07111997
071197
08111997
081197
09111997
091197
10111997
101197
11111997
111197
12111997
121197
13111997
131197
14111997
141197
15111997
151197
16111997
161197
17111997
171197
18111997
181197
19111997
191197
20111997
201197
21111997
211197
22111997
221197
23111997
231197
24111997
241197
25111997
251197
26111997
261197
27111997
271197
28111997
281197
29111997
291197
30111997
301197
31111997
311197
01121997
011297
02121997
021297
03121997
031297
04121997
041297
05121997
051297
06121997
061297
07121997
071297
08121997
081297
09121997
091297
10121997
101297
11121997
111297
12121997
121297
13121997
131297
14121997
141297
15121997
151297
16121997
161297
17121997
171297
18121997
181297
19121997
191297
20121997
201297
21121997
211297
22121997
221297
23121997
231297
24121997
241297
25121997
251297
26121997
261297
27121997
271297
28121997
281297
29121997
291297
30121997
301297
31121997
311297
01011998
010198
02011998
020198
03011998
030198
04011998
040198
05011998
050198
06011998
060198
07011998
070198
08011998
080198
09011998
090198
10011998
100198
11011998
110198
12011998
120198
13011998
130198
14011998
140198
15011998
150198
16011998
160198
17011998
170198
18011998
180198
19011998
190198
20011998
200198
21011998
210198
22011998
220198
23011998
230198
24011998
240198
25011998
250198
26011998
260198
27011998
270198
28011998
280198
29011998
290198
30011998
300198
31011998
310198
01021998
010298
02021998
020298
03021998
030298
04021998
040298
05021998
050298
06021998
060298
07021998
070298
08021998
080298
09021998
090298
10021998
100298
11021998
110298
12021998
120298
13021998
130298
14021998
140298
15021998
150298
16021998
160298
17021998
170298
18021998
180298
19021998
190298
20021998
200298
21021998
210298
22021998
220298
23021998
230298
24021998
240298
25021998
250298
26021998
260298
27021998
270298
28021998
280298
29021998
290298
30021998
300298
31021998
310298
01031998
010398
02031998
020398
03031998
030398
04031998
040398
05031998
050398
06031998
060398
07031998
070398
08031998
080398
09031998
090398
10031998
100398
11031998
110398
12031998
120398
13031998
130398
14031998
140398
15031998
150398
16031998
160398
17031998
170398
18031998
180398
19031998
190398
20031998
200398
21031998
210398
22031998
220398
23031998
230398
24031998
240398
25031998
250398
26031998
260398
27031998
270398
28031998
280398
29031998
290398
30031998
300398
31031998
310398
01041998
010498
02041998
020498
03041998
030498
04041998
040498
05041998
050498
06041998
060498
07041998
070498
08041998
080498
09041998
090498
10041998
100498
11041998
110498
12041998
120498
13041998
130498
14041998
140498
15041998
150498
16041998
160498
17041998
170498
18041998
180498
19041998
190498
20041998
200498
21041998
210498
22041998
220498
23041998
230498
24041998
240498
25041998
250498
26041998
260498
27041998
270498
28041998
280498
29041998
290498
30041998
300498
31041998
310498
01051998
010598
02051998
020598
03051998
030598
04051998
040598
05051998
050598
06051998
060598
07051998
070598
08051998
080598
09051998
090598
10051998
100598
11051998
110598
12051998
120598
13051998
130598
14051998
140598
15051998
150598
16051998
160598
17051998
170598
18051998
180598
19051998
190598
20051998
200598
21051998
210598
22051998
220598
23051998
230598
24051998
240598
25051998
250598
26051998
260598
27051998
270598
28051998
280598
29051998
290598
30051998
300598
31051998
310598
01061998
010698
02061998
020698
03061998
030698
04061998
040698
05061998
050698
06061998
060698
07061998
070698
08061998
080698
09061998
090698
10061998
100698
11061998
110698
12061998
120698
13061998
130698
14061998
140698
15061998
150698
16061998
160698
17061998
170698
18061998
180698
19061998
190698
20061998
200698
21061998
210698
22061998
220698
23061998
230698
24061998
240698
25061998
250698
26061998
260698
27061998
270698
28061998
280698
29061998
290698
30061998
300698
31061998
310698
01071998
010798
02071998
020798
03071998
030798
04071998
040798
05071998
050798
06071998
060798
07071998
070798
08071998
080798
09071998
090798
10071998
100798
11071998
110798
12071998
120798
13071998
130798
14071998
140798
15071998
150798
16071998
160798
17071998
170798
18071998
180798
19071998
190798
20071998
200798
21071998
210798
22071998
220798
23071998
230798
24071998
240798
25071998
250798
26071998
260798
27071998
270798
28071998
280798
29071998
290798
30071998
300798
31071998
310798
01081998
010898
02081998
020898
03081998
030898
04081998
040898
05081998
050898
06081998
060898
07081998
070898
08081998
080898
09081998
090898
10081998
100898
11081998
110898
12081998
120898
13081998
130898
14081998
140898
15081998
150898
16081998
160898
17081998
170898
18081998
180898
19081998
190898
20081998
200898
21081998
210898
22081998
220898
23081998
230898
24081998
240898
25081998
250898
26081998
260898
27081998
270898
28081998
280898
29081998
290898
30081998
300898
31081998
310898
01091998
010998
02091998
020998
03091998
030998
04091998
040998
05091998
050998
06091998
060998
07091998
070998
08091998
080998
09091998
090998
10091998
100998
11091998
110998
12091998
120998
13091998
130998
14091998
140998
15091998
150998
16091998
160998
17091998
170998
18091998
180998
19091998
190998
20091998
200998
21091998
210998
22091998
220998
23091998
230998
24091998
240998
25091998
250998
26091998
260998
27091998
270998
28091998
280998
29091998
290998
30091998
300998
31091998
310998
01101998
011098
02101998
021098
03101998
031098
04101998
041098
05101998
051098
06101998
061098
07101998
071098
08101998
081098
09101998
091098
10101998
101098
11101998
111098
12101998
121098
13101998
131098
14101998
141098
15101998
151098
16101998
161098
17101998
171098
18101998
181098
19101998
191098
20101998
201098
21101998
211098
22101998
221098
23101998
231098
24101998
241098
25101998
251098
26101998
261098
27101998
271098
28101998
281098
29101998
291098
30101998
301098
31101998
311098
01111998
011198
02111998
021198
03111998
031198
04111998
041198
05111998
051198
06111998
061198
07111998
071198
08111998
081198
09111998
091198
10111998
101198
11111998
111198
12111998
121198
13111998
131198
14111998
141198
15111998
151198
16111998
161198
17111998
171198
18111998
181198
19111998
191198
20111998
201198
21111998
211198
22111998
221198
23111998
231198
24111998
241198
25111998
251198
26111998
261198
27111998
271198
28111998
281198
29111998
291198
30111998
301198
31111998
311198
01121998
011298
02121998
021298
03121998
031298
04121998
041298
05121998
051298
06121998
061298
07121998
071298
08121998
081298
09121998
091298
10121998
101298
11121998
111298
12121998
121298
13121998
131298
14121998
141298
15121998
151298
16121998
161298
17121998
171298
18121998
181298
19121998
191298
20121998
201298
21121998
211298
22121998
221298
23121998
231298
24121998
241298
25121998
251298
26121998
261298
27121998
271298
28121998
281298
29121998
291298
30121998
301298
31121998
311298
01011999
010199
02011999
020199
03011999
030199
04011999
040199
05011999
050199
06011999
060199
07011999
070199
08011999
080199
09011999
090199
10011999
100199
11011999
110199
12011999
120199
13011999
130199
14011999
140199
15011999
150199
16011999
160199
17011999
170199
18011999
180199
19011999
190199
20011999
200199
21011999
210199
22011999
220199
23011999
230199
24011999
240199
25011999
250199
26011999
260199
27011999
270199
28011999
280199
29011999
290199
30011999
300199
31011999
310199
01021999
010299
02021999
020299
03021999
030299
04021999
040299
05021999
050299
06021999
060299
07021999
070299
08021999
080299
09021999
090299
10021999
100299
11021999
110299
12021999
120299
13021999
130299
14021999
140299
15021999
150299
16021999
160299
17021999
170299
18021999
180299
19021999
190299
20021999
200299
21021999
210299
22021999
220299
23021999
230299
24021999
240299
25021999
250299
26021999
260299
27021999
270299
28021999
280299
29021999
290299
30021999
300299
31021999
310299
01031999
010399
02031999
020399
03031999
030399
04031999
040399
05031999
050399
06031999
060399
07031999
070399
08031999
080399
09031999
090399
10031999
100399
11031999
110399
12031999
120399
13031999
130399
14031999
140399
15031999
150399
16031999
160399
17031999
170399
18031999
180399
19031999
190399
20031999
200399
21031999
210399
22031999
220399
23031999
230399
24031999
240399
25031999
250399
26031999
260399
27031999
270399
28031999
280399
29031999
290399
30031999
300399
31031999
310399
01041999
010499
02041999
020499
03041999
030499
04041999
040499
05041999
050499
06041999
060499
07041999
070499
08041999
080499
09041999
090499
10041999
100499
11041999
110499
12041999
120499
13041999
130499
14041999
140499
15041999
150499
16041999
160499
17041999
170499
18041999
180499
19041999
190499
20041999
200499
21041999
210499
22041999
220499
23041999
230499
24041999
240499
25041999
250499
26041999
260499
27041999
270499
28041999
280499
29041999
290499
30041999
300499
31041999
310499
01051999
010599
02051999
020599
03051999
030599
04051999
040599
05051999
050599
06051999
060599
07051999
070599
08051999
080599
09051999
090599
10051999
100599
11051999
110599
12051999
120599
13051999
130599
14051999
140599
15051999
150599
16051999
160599
17051999
170599
18051999
180599
19051999
190599
20051999
200599
21051999
210599
22051999
220599
23051999
230599
24051999
240599
25051999
250599
26051999
260599
27051999
270599
28051999
280599
29051999
290599
30051999
300599
31051999
310599
01061999
010699
02061999
020699
03061999
030699
04061999
040699
05061999
050699
06061999
060699
07061999
070699
08061999
080699
09061999
090699
10061999
100699
11061999
110699
12061999
120699
13061999
130699
14061999
140699
15061999
150699
16061999
160699
17061999
170699
18061999
180699
19061999
190699
20061999
200699
21061999
210699
22061999
220699
23061999
230699
24061999
240699
25061999
250699
26061999
260699
27061999
270699
28061999
280699
29061999
290699
30061999
300699
31061999
310699
01071999
010799
02071999
020799
03071999
030799
04071999
040799
05071999
050799
06071999
060799
07071999
070799
08071999
080799
09071999
090799
10071999
100799
11071999
110799
12071999
120799
13071999
130799
14071999
140799
15071999
150799
16071999
160799
17071999
170799
18071999
180799
19071999
190799
20071999
200799
21071999
210799
22071999
220799
23071999
230799
24071999
240799
25071999
250799
26071999
260799
27071999
270799
28071999
280799
29071999
290799
30071999
300799
31071999
310799
01081999
010899
02081999
020899
03081999
030899
04081999
040899
05081999
050899
06081999
060899
07081999
070899
08081999
080899
09081999
090899
10081999
100899
11081999
110899
12081999
120899
13081999
130899
14081999
140899
15081999
150899
16081999
160899
17081999
170899
18081999
180899
19081999
190899
20081999
200899
21081999
210899
22081999
220899
23081999
230899
24081999
240899
25081999
250899
26081999
260899
27081999
270899
28081999
280899
29081999
290899
30081999
300899
31081999
310899
01091999
010999
02091999
020999
03091999
030999
04091999
040999
05091999
050999
06091999
060999
07091999
070999
08091999
080999
09091999
090999
10091999
100999
11091999
110999
12091999
120999
13091999
130999
14091999
140999
15091999
150999
16091999
160999
17091999
170999
18091999
180999
19091999
190999
20091999
200999
21091999
210999
22091999
220999
23091999
230999
24091999
240999
25091999
250999
26091999
260999
27091999
270999
28091999
280999
29091999
290999
30091999
300999
31091999
310999
01101999
011099
02101999
021099
03101999
031099
04101999
041099
05101999
051099
06101999
061099
07101999
071099
08101999
081099
09101999
091099
10101999
101099
11101999
111099
12101999
121099
13101999
131099
14101999
141099
15101999
151099
16101999
161099
17101999
171099
18101999
181099
19101999
191099
20101999
201099
21101999
211099
22101999
221099
23101999
231099
24101999
241099
25101999
251099
26101999
261099
27101999
271099
28101999
281099
29101999
291099
30101999
301099
31101999
311099
01111999
011199
02111999
021199
03111999
031199
04111999
041199
05111999
051199
06111999
061199
07111999
071199
08111999
081199
09111999
091199
10111999
101199
11111999
111199
12111999
121199
13111999
131199
14111999
141199
15111999
151199
16111999
161199
17111999
171199
18111999
181199
19111999
191199
20111999
201199
21111999
211199
22111999
221199
23111999
231199
24111999
241199
25111999
251199
26111999
261199
27111999
271199
28111999
281199
29111999
291199
30111999
301199
31111999
311199
01121999
011299
02121999
021299
03121999
031299
04121999
041299
05121999
051299
06121999
061299
07121999
071299
08121999
081299
09121999
091299
10121999
101299
11121999
111299
12121999
121299
13121999
131299
14121999
141299
15121999
151299
16121999
161299
17121999
171299
18121999
181299
19121999
191299
20121999
201299
21121999
211299
22121999
221299
23121999
231299
24121999
241299
25121999
251299
26121999
261299
27121999
271299
28121999
281299
29121999
291299
30121999
301299
31121999
311299
